-0.440674631274072
-0.932846234836923
2.17319794202873
1.87169252786931
-0.226271127458513
0.401697847816582
0.0525000042243384
0.449659728243042
-2.10483242276309
1.32907650759917
0.215745512425846
0.146142756668864
-0.251041707049068
0.629870486720159
-0.444493069518913
-0.972954819202112
0.0819384427429441
-0.869552394053751
-0.0811481844003779
1.46522747238525
-0.393141003180841
-0.338920287635469
-1.40236359622703
2.08190096264878
-0.7218860532364
-1.03324054895252
0.736936190803091
1.05009558295341
0.0338580752906674
0.768524517402485
0.603559022776343
-0.579057612286076
-0.205112419762319
-0.280570617238088
1.45020774440666
0.474636889918014
0.0701739542665788
-3.914714180284
-0.249073779186623
1.66155012545448
0.477021735860743
-0.882017622543277
-1.0960150923387
0.113914879310178
-1.05444462903123
-0.412972365521987
1.10604516235128
1.43118027062588
-0.0204412553139279
-0.288133451510386
-1.89714268504959
-0.618869608319764
-1.32948594938811
0.332927450039565
0.0407994694132951
0.830834127797104
-0.749235817051026
0.143089586451146
-0.71561746738435
0.211703489310329
1.19802447273784
-1.49542263846749
0.865591299432042
0.739770285077912
0.510152957206183
1.56210565105535
-0.641563757404789
3.00388471702456
1.212391259815
-0.0737982954316632
-0.632284623442585
-0.696513389898423
0.728748139506156
0.119888971149053
-1.44074218474355
-0.704005311615604
-0.177000733641519
-0.85980036467747
1.03084420216698
-0.461829675178708
0.654283667725407
0.331861354901467
1.09751301873135
-0.314469531458286
1.19626264751452
0.406433454550441
-1.08024978998095
0.967548020890637
-2.86261645180825
-0.145859799246812
-0.628283325780418
-2.06338534647729
0.52770151632917
-0.687239753542196
-0.566045007258037
-0.261879433211754
-0.764355490573948
-0.688905012568043
0.649793514799725
0.10133670771434
-1.75800738730375
0.701667899497767
0.720300821293322
-0.711144802659589
0.368300343238324
1.68268754011546
0.68475227771858
-1.02247195115218
-0.959366691671282
-0.773744219851382
-1.14040964049651
-1.36455043723247
-0.104055832246012
-0.334979445394487
0.237852390865856
1.68844242829064
0.0133908857989932
0.560893502571219
0.911593219409619
-1.02489816783311
0.149348439413271
-0.721888799000167
0.0177157459071851
-0.960465986679269
0.0112879241437939
1.35588369626351
1.79982152449352
1.49077528518769
0.206465942619723
-0.392906988239673
-0.149254967965877
0.205950427240957
-0.376469136456989
0.763551006781896
-1.99013318909467
-0.33486378312493
-3.90351539465833
-0.0327459390170886
-0.456376251791873
-0.697507514819699
1.89564686974843
1.10769969066708
-1.06562625861326
0.875232289908702
-0.796318417591861
0.478869283152095
0.143050380073822
1.96778454718865
-1.38423398253535
0.325455410445535
-0.815608388786427
-0.976309333404093
0.0428279937076731
0.109267186424322
1.56397003690405
1.30076351143508
-1.93599944438392
-0.0853714887198419
0.0991015993442111
-1.57220246297923
-0.216697341430504
0.29412803528608
1.23569131309769
-0.38027676060062
-1.21617776503463
0.8724192915139
0.0537385287207628
0.501496567496397
2.29236739821269
0.794258973361426
0.748516973303225
0.449658876719529
-1.68911752098849
0.648081253747782
-1.14187376959824
1.47971161004285
0.573412335127521
0.597614561984463
-0.500733606926536
-1.79954240689882
-0.18451452885391
0.864961916901073
-0.327024187076945
1.58210644189249
-1.46695858444738
-1.55195585971179
0.726696612404494
-1.02461913566284
0.193592634741682
-0.770943225701668
-1.34982784657002
0.375637719311384
0.470148352733739
0.702937173562759
1.84841544594971
1.29001097982648
-0.143009915705207
1.18707483213832
1.24372674233614
0.398264361990917
0.231889468098445
-0.684230784367365
-0.226228886188042
0.361081567613003
-1.40664255123016
0.0717384457853431
-0.105460194573461
-0.288395070123025
0.363710256175826
-0.661395333402908
0.355410014609691
-0.457592186984366
-0.202365855817364
-1.06244432074815
-0.986861344504315
-0.906599221489829
-1.89569445995094
-0.127457655621257
-1.00927385620729
0.638420875981645
-0.383677341518587
-0.420994483498353
-1.27258938996946
0.682343320913353
1.49895812627768
-0.545543956747315
-0.227676497219564
0.00550843779349204
1.21647460399347
0.0409132699385678
-1.27819828120924
-1.03963933390612
-1.21565219914323
-1.8455686227984
-0.920959502835695
1.14107985545277
0.298727189819629
-0.408758457096358
0.533748509136137
-0.222372534459128
0.478791975486591
-0.940614798463363
-0.555480610802983
0.968424799873451
0.0720693463778543
0.728192556692043
1.20280409268183
0.248968886691269
-1.26621810379992
-0.855063535231007
-0.907656067621725
-0.357171551557493
0.390875406828832
0.0391009538664469
-3.30846918535956
0.139570786995531
0.104592054783034
0.744861776294507
1.17742063777445
-0.137989384361377
0.979807362479236
0.0146644398595163
-0.783128161409961
-0.837216343469983
0.467452996873917
0.316594676097178
-0.23520519666083
0.269691840161146
-1.25703340806753
-1.01128821230593
-1.21848497016204
-0.791460880317674
0.693691064009254
-0.0979457114036298
0.332568415238765
0.724676491648378
-0.422236876656629
0.86833787639884
-1.30592302384716
-0.613650029141756
-0.633037365731011
-0.340211378742601
1.82924763507496
0.366756261378869
-1.37564318242327
-2.00432153439751
-0.318984564806878
2.89365800055401
1.59248081491497
0.952030173026852
-0.13787821624961
-0.325762051168142
0.327889162250874
-0.230018038154858
-0.932081535822461
-0.376289765659574
1.48011181275834
-0.240964616179565
1.1039567465383
1.76017413223323
-0.619200841287002
1.17197053218255
-0.459662441994914
-1.62571246578195
1.2902785478962
0.190892671164488
0.3224534773728
0.58836851544825
1.31721556596813
-0.245353932491859
-0.64585615878773
-0.19813365130162
-0.642763333022617
-0.326532275494631
0.559903849352686
2.03687187829231
-1.71139068926799
-0.239652035998281
-0.239225225866385
1.68982175385818
1.62311037882945
1.70367566143821
1.66841074694394
0.0107004630076402
0.131742330418118
1.67213146452495
-0.917049362649129
0.883208860439345
-1.1008148885347
-0.612740051764629
-0.264450733205545
-0.724097624860577
-0.849585840796585
2.01624037576355
-0.236827918504942
0.297036185452183
-0.273255599536735
-0.82608874618237
1.56192199804328
0.508856319389371
1.27394440716881
2.67130097495506
-1.8226095599211
-1.10209421316709
-0.705389044167129
-0.620433985384631
-0.531160308235168
0.468587248060928
0.554168719800565
1.79616409981843
-2.60059687835504
0.778558294333877
-0.446697820532017
0.752272270304565
0.144835639432921
-1.68815881760041
0.297132266587428
0.062820254278195
-0.428201941660378
1.03274489160191
-1.05949306253586
0.570439769266736
-0.425165339529262
0.0532285349898444
1.09824249899211
-0.234805460250873
1.91491840962615
0.380333056080832
0.838512715942213
-0.671219833974528
-0.0730859944736675
1.65715843872355
-0.635925708938093
-1.2068275520062
-0.316934720249827
1.26831924612139
-0.579002615487019
0.711990036047162
0.272208619219886
-0.42367230848442
0.901275182573581
1.21447335743539
-0.637617783841868
-0.44228563223014
-0.0714939607935081
-1.38930061681895
1.75253926611162
-0.123692037446776
0.591242005544265
-1.05532300616649
-0.155934674869426
1.22439187383691
0.223780278553574
-2.01831630161306
-0.305350905610833
-0.64200713188685
0.508470692582518
-0.358480365656504
1.5594103412655
-0.453568321375644
0.626333230765718
0.468829406463051
-1.30095001421631
-0.483365802323443
-0.680696668075343
2.04181564228938
1.67674487946781
-1.01383402235223
-0.206840336226356
-0.589554229837046
0.140323712103029
1.68551010539636
-0.795736697621993
-1.22267979369295
0.89039813001547
0.478663646026036
-0.0146698576474761
0.311868629761234
-1.48519360094143
2.31202011150601
0.906349565662395
2.2001882410516
0.259218669971262
2.38376859278828
0.117321808512165
0.0306666234752321
0.542270802514171
0.0605097399978226
0.321839997206842
-1.48666238610326
-0.161331590578829
0.0533399304793248
-1.17761884466726
1.04438283698866
-0.307308554708537
-0.171496884849677
1.88640117392268
-0.624377495175411
1.08404854422331
-0.533123100487869
-0.848948577883277
1.63051305151053
0.628688129284585
-2.31930991163022
-0.185976603850355
0.678078553947582
-2.01670160044949
0.993305184941786
0.926586931556981
0.829656748276109
0.93575797104241
0.141892587753869
-2.93775886692553
0.490575587032914
-0.769122202893075
-1.33501711670191
-1.95083330803743
-0.41907851373078
-0.398131898235877
-1.12413026049284
-0.801543978352884
-2.05423012318375
-0.666970325036971
-0.690482094410529
1.33203660888101
0.643726849044254
-0.615015426107742
-1.27445050395225
0.817997104555552
0.923749686292572
1.9734216008288
-0.752869844855747
-0.421803052659684
1.97368095057965
0.734870274703358
-0.832860101252966
-1.92252576608545
2.28740386225588
0.54061468816418
1.12014779581183
2.03316634487305
1.03238740950226
0.524774043380921
-0.481622497628656
-1.02433454912209
-0.637985792851892
2.32622601032755
1.26514844185766
0.969457037469547
1.05561907387495
-2.10645499486284
0.995052383164856
-0.509344333617087
-0.204864511015397
0.61311589394524
1.35180484523111
-0.609344683574764
0.213300244001869
-0.700654531589859
-0.996925350796968
-1.13971433382771
0.617697440470577
-0.248726105126585
-0.195471882965363
-1.40830182050596
-0.89419060987495
2.00842603142784
0.658916323530817
0.87503911366567
-1.03437579175769
1.06634586532154
-0.149310439004353
-0.251302640296915
0.250170565099808
0.164670689041392
2.40633570299665
-0.05285804872697
1.87253857298756
1.27913243378838
-1.21397034120347
-1.47828358782056
-0.265008354168027
0.368444055932447
-0.410129334444348
-0.985076730321892
-2.32720880229778
0.960505733923392
-0.573498792823528
-1.250474660652
0.425930315752664
-0.365078354975726
-0.941119993867535
0.870860442895768
-1.04913680262744
-0.510738975988624
1.36087390046796
-1.51835676145894
-0.0574706261899433
0.663013596490339
0.648164449821044
0.397716989831299
0.556770751080321
0.328544939915402
0.336849272205181
0.77102184907948
0.502462984576107
0.492672333945174
-0.411445323115729
1.13528414057311
0.00131299735648749
-0.790915770543424
-0.272369286803954
0.560060268169613
-0.148774698969342
-0.69088713245619
-1.22842116579121
-0.975672284042981
-0.635833948526547
-1.15755774026081
-0.0202909870925908
-1.7845478939416
-0.0470987525890416
0.82417953408719
0.928950522837754
1.08909206160948
1.44009784432858
0.00434484877654929
0.947121710068967
-0.846542508113777
0.183327125880875
0.878635790942637
0.086677020981172
-0.433529996209261
-1.36448336800199
0.18554829682818
2.42935885403344
-0.47440027510038
-1.48286060319968
1.77490205752328
-0.738553851115807
2.43741014522144
0.99637366942562
-0.525443670492666
-0.52310652029541
-1.68571259280962
-1.25712907407797
0.485789756243668
-1.37036129326931
-0.705695398775146
0.604593083135377
0.737439902295421
-1.14006393693702
0.488261560553502
0.802749497323949
1.40405730501456
0.828662701447418
0.945755592925496
-1.52804118477938
-0.390419881459399
0.326198646975917
0.164437440269428
-0.410670620360763
1.15689493503251
1.32060184006511
1.20461843851425
-0.0585160895783218
-0.273845100107419
-0.630829791375685
-0.861317662510021
0.55981919327051
-0.499357963382796
1.19766063780798
0.171140612804469
1.1563076432207
-0.776265797660378
-0.300005143641963
1.47682042946266
1.20773490316732
1.47320320769458
0.477837273564681
0.619966344431884
-0.150181589975246
-0.10001669833309
-0.480781142166324
-0.187715798622638
1.26133324751084
-1.10920994223726
-1.34471086694498
1.2753730743736
0.0867570187871648
1.91506837774051
0.870846277958759
1.25696722142632
0.605995419913628
0.660782631714373
-0.521380605740335
-0.227615936127231
1.42144299492042
0.417718891298347
-0.156503781024171
-0.355522604519471
0.589070781573587
-0.313932482476173
-0.0856184464881143
-1.21633808861352
0.715075402762847
-0.175749072835169
1.32429591906176
-0.348825915799677
-0.651535971200676
0.589108519573542
0.193710759653305
0.0823642158174911
-0.733353046299393
-1.08559768103594
-1.6704165491017
-1.6546833063008
-0.383743083650293
-1.80116066440107
0.460700880575626
-0.51301797045221
-0.220221979637473
0.474646497304331
-0.368229644438701
1.22286294639407
1.56082484608621
1.12945487947652
0.496488792859895
0.864586988376005
-0.833325961637915
-0.813243296010633
0.51531334643916
1.111650229287
0.97363245193779
1.38557481152527
-0.650187249197128
-0.298609939826502
1.77787839367462
-0.493233449391904
-0.365601429268994
1.06406184050016
-0.545906972910916
0.0143202636785843
0.498469974609085
-0.0765142441858674
-0.640351621131294
0.225061683835682
-0.449252119529297
0.861497652349142
-1.09756232560343
0.340298737042727
1.24557501745655
-2.13048138685258
0.879351520868596
-0.751752891092488
-2.01021352461022
0.923465485640387
-0.999420582485984
0.735684229209406
-1.0131521559403
-0.587533452906892
0.295657858833177
-0.65705766816926
0.120336594183368
1.05417758556688
-0.831455347185511
0.159953357629912
0.102490781760566
1.14939684589901
-1.10292155408021
-0.775374536348855
1.93552662537552
-0.632545207616604
0.622986702275733
-0.0475355643653246
-1.04322238742596
-1.37983756405676
-0.43853275210802
-1.77175626713889
0.632352878954239
1.23632416654365
-2.22583980691192
-0.899090505661756
-0.280533333847773
-0.451777822937475
-0.409843199018959
-1.61897137365295
1.1124535949313
-0.661772761826996
-0.219776090802612
-0.560984380409451
-0.878325403836499
1.14557387727819
1.50935136250924
-2.21953208550608
1.41346498930341
0.92292769679842
-1.33417259649719
0.0419862005300936
-0.41604539036622
0.139993669633327
0.360913675278555
2.32058320377263
0.415031209490583
1.17278550758257
0.143358806587733
-0.189021197904486
-0.213083986651685
-0.93906006195503
-0.408919895935687
-0.0985279136516429
-1.41576402887529
-0.649473249872154
0.97433719817399
-1.79487548734055
-1.11313340100529
1.28683302005065
1.17407923570967
-1.38252139999934
-1.14849866736507
-0.978970250995063
2.09535805439687
-2.0500990601817
-0.352488364273463
-2.63567176606967
-0.423115623646095
-0.599950003080091
-1.68343378439616
-1.44526922149779
2.16902563917192
1.3316191752652
-1.22822274618706
-0.0991256577511297
0.755026624097512
1.39473828817687
-0.687790795889925
0.091506590271236
-0.0395115229805572
-0.61068012313584
1.09283739138096
0.934721806156435
0.510226064613454
1.32503098275994
1.6447007747687
0.591496730367003
0.809287802254778
0.498894100390655
0.0774349171813756
-0.522528473237768
-1.23013029716611
-0.362309594474758
-0.172592955103702
-1.69513665818849
1.50829599460787
-0.803690685383489
1.17419622687118
0.0277303236638945
0.742082058356272
-1.63569700079418
0.293356508135747
-0.487865293809643
-0.170071906864602
-1.98153196746284
0.779713598974685
2.15780218908828
0.620738980459967
0.463836325903425
-0.862057798814761
0.50475785967645
-0.676468413757086
0.0410736851300129
0.602295722576249
0.703133316830573
-0.416724395236783
0.140423593867041
0.931035076132452
1.23488654555991
2.14553349119478
-1.0198856654161
-0.0617138649442465
-2.96457759475605
0.499310821793343
-0.12314244613501
-1.24358961431191
1.77121201459673
-0.702713141129665
-0.747250687579442
0.265740457096531
0.0937712862717412
1.08203890714622
0.983305478654709
-0.321436467569554
-0.601046174105659
0.252985860719957
1.54364178121755
-1.42357274115955
1.78564474689671
-1.49820095232845
-0.940473717449545
0.280930643336892
-0.254585158412591
1.10422280396724
0.827016504687491
0.929967081168194
1.1635557098686
-0.185768701050605
0.479161631699436
-1.34389718592204
-1.60340839617509
0.280142364346613
-1.36937366130793
1.11708455514703
-1.4891389977591
1.70849375764879
1.77543563572181
-0.259022224626334
-1.4527989485332
0.471758615712228
2.42525433437356
0.00614515732876488
1.8119585927619
0.90953605830932
-0.0341343201728043
0.579236012422364
-1.03054705941715
-0.217919184579884
1.81454674445046
-0.619250784376184
1.35026040993176
1.24172210488649
0.753148092207472
0.444309570489882
0.502076602460303
-1.35919865721159
0.478304530324796
-0.926662591960048
-1.56306932448207
0.290340927933143
-0.204090213716262
-2.53338366114192
-0.9816765215915
2.70881847320577
0.474178263684713
2.79289493727195
-0.126686347740421
-0.0803991240713715
0.0517316207749107
0.755246812899226
1.9267163950763
0.670951290366389
1.72652903509477
0.0307647743173492
0.826074518867531
1.24929792412149
0.259234627782597
0.171093012408443
-0.234414918664288
1.16463080778257
1.03070126074758
-0.207477749061278
0.159527773119136
-0.966393398404932
2.48916537511111
-1.33888237869429
2.78325449011244
0.0387099618928634
0.514901299141985
-0.747022022710048
-2.10874669971046
1.70355055247853
1.21393899963295
1.01725229520188
0.284364892198741
0.398377379330739
-0.0168045218567575
-2.0907001564987
-0.313661899591395
0.21690140763947
-0.172874402037676
-0.52361344975372
2.03923502444602
-0.196928413959979
-0.945655578422976
-0.834094830207812
0.533334362962069
-0.274557735790935
0.558534258094293
-0.503384695150631
0.397660015163658
-1.42810884191783
-0.836864774632315
0.254811826636064
-1.09040473710999
-0.0962460893627942
-1.52207609433526
-1.18804424108285
1.22375527679009
0.500319826335214
-2.60424211679677
0.590455338373987
1.37800157142429
0.21339707725022
1.56546446376899
1.34954834416711
-0.77293582383985
1.10898277754789
0.93728459459523
-0.552830244261552
0.128745873755434
-1.60029504209718
-0.0527702041514163
1.10414779133744
-0.952086528842291
-1.17102600234055
-0.25400608352123
0.564018910525466
1.63926991183886
-0.166985383818641
-0.527186275314093
-1.65848951662646
-0.0465159975609482
-0.151265546973734
0.614408397786046
-2.42837770623364
0.077507425158106
1.39132262889652
-0.337591938672724
-1.50662117643347
-0.425395859515344
-2.39978365497988
0.907367192999176
-1.33335577403946
-1.39875272686893
-0.163058702450161
1.08210854372435
1.68514350460419
-0.35660287375959
-0.220674443924709
1.05690716911343
2.17789864856715
-0.831996017946698
-1.49208166149386
0.50112776781923
1.04201290884504
1.05894900008671
0.469112840223206
1.33056412341734
-0.953371774803298
0.000396517096604861
0.646789818783191
-0.951192379917114
0.266863215441295
0.647016354826617
0.246817314788221
-2.47997484634639
0.222979003378078
2.14217225222345
-1.21458307278794
0.717575504753784
-1.54442796751629
