0.296911713572512
0.305298330665385
0.188762584034318
0.262611207804706
0.285110292321899
0.268318746074421
0.258736244937667
0.316068014672459
0.294563536045582
0.371286325298327
0.26944574611786
0.249190608964222
0.307974812035798
0.279971138483663
0.217655088095219
0.253211693284812
0.337099931231621
0.257022578892606
0.347392887350645
0.353053062083399
0.27816135133001
0.293489971951962
0.295205800495967
0.209557012323953
0.239686242720551
0.296230527212381
0.336199796297236
0.336500108814727
0.279610118167813
0.360415024518942
0.281186159982415
0.35287420140923
0.309773459094862
0.353160335006951
0.268318746074421
0.239686242720551
0.246746506325497
0.26944574611786
0.274137766736937
0.305670318209576
0.295761301516523
0.184226474588735
0.341528057619596
0.174367544009889
0.201007563051842
0.351763235340724
0.286523924997477
0.188293774338254
0.326095666696729
0.300630650265052
0.296230527212381
0.371830036115395
0.296230527212381
0.20985805688704
0.34300366638203
0.211476292340825
0.197138622201831
0.344656174742132
0.270194467939391
0.249190608964222
0.193061459832685
0.27524094128159
0.327948936650975
0.313983850836088
0.338259060365265
0.325048558920918
0.193061459832685
0.27524094128159
0.231595258233764
0.357142135641407
0.243034270352262
0.35287420140923
0.27427590620992
0.253211693284812
0.336162238368694
0.3673547263198
0.361813613493316
0.355334527259351
0.21320071635561
0.284267621807481
0.305505046330389
0.305008693368407
0.174367544009889
0.262274434110301
0.367182832282818
0.256776835860136
0.364975438498361
0.270428018391795
0.313460644671027
0.321729857194046
0.333333333333333
0.258394420929858
0.320786596359699
0.150755672288882
0.248429409927995
0.226077666104176
0.328141383669856
0.370094173109625
0.339190956616631
0.288281217921079
0.347101999388937
0.318574793400073
0.331205328605941
0.231595258233764
0.300630650265052
0.21320071635561
0.305505046330389
0.354765536458357
0.248429409927995
0.33405225503042
0.216666666666667
0.228024010786034
0.25505000500001
0.223098021669237
0.208166599946613
0.3673547263198
0.279971138483663
0.240999601827074
0.238841902825812
0.355192365010308
0.368726993803811
0.312371185572161
0.355725180498097
0.216666666666667
0.344179598406989
0.27524094128159
0.262995563967658
0.321415744493142
0.304179638577687
0.244691106037259
0.349458455501097
0.32948536547259
0.240999601827074
0.333749739908346
0.303639539087006
0.266429819060946
0.228908256511184
0.327833414213297
0.336162238368694
0.345388085047717
0.369411215943217
0.24225372791119
0.333749739908346
0.302305952453618
0.286215289457415
0.350288481400717
0.340824905430363
0.32640527575455
0.285110292321899
0.265908011739155
0.278660214511356
0.34436297505083
0.348155311911396
0.295205800495967
0.367182832282818
0.220422001138404
0.183333333333333
0.197138622201831
0.338259060365265
0.361639085668057
0.228024010786034
0.372677996249965
0.325669473639465
0.228908256511184
0.259126348807806
0.311845273729577
0.338259060365265
0.303639539087006
0.24225372791119
0.371184290855335
0.337062473602611
0.238047614284762
0.296613887031268
0.305008693368407
0.361639085668057
0.249190608964222
0.209557012323953
0.174367544009889
0.205664726674216
0.261116483933547
0.209557012323953
0.234143614739399
0.304635897922471
0.277252027708882
0.327948936650975
0.231158697509619
0.345936001554792
0.20572610996962
0.329676915611131
0.321140643848319
0.24225372791119
0.304179638577687
0.228908256511184
0.305670318209576
0.317820863081864
0.259904799975886
0.336162238368694
0.364317543809343
0.348843688766071
0.228908256511184
0.204680090370166
0.297124264042552
0.247410834872124
0.228908256511184
0.234143614739399
0.355902608401044
0.336162238368694
0.350900716914789
0.201697343021216
0.339190956616631
0.329676915611131
0.287579589334883
0.274137766736937
0.209557012323953
0.257022578892606
0.27427590620992
0.243034270352262
0.223098021669237
0.355192365010308
0.341528057619596
0.231595258233764
0.332422999362334
0.320786596359699
0.305298330665385
0.337099931231621
0.193061459832685
0.262995563967658
0.362232137188463
0.32640527575455
0.247002228755331
0.231595258233764
0.304179638577687
0.283333333333333
0.274137766736937
0.236557806803318
0.304635897922471
0.320786596359699
0.231158697509619
0.277252027708882
0.270614713628663
0.34300366638203
0.357989616688202
0.272057257788046
0.281186159982415
0.234143614739399
0.353339050839961
0.288500126919076
0.285862155097823
0.266429819060946
0.312169016639216
0.232411599355866
0.313460644671027
0.244948974278318
0.183333333333333
0.143811745632331
0.143811745632331
0.295205800495967
0.228024010786034
0.382178761917255
0.311237348126292
0.328564370336385
0.263810461498326
0.304635897922471
0.347283832917774
0.179435140641318
0.239686242720551
0.240999601827074
0.312371185572161
0.241836408517925
0.350900716914789
0.26944574611786
0.371014171092581
0.313661981094041
0.236557806803318
0.310750151352588
0.174367544009889
0.279067711996189
0.224733287487747
0.348843688766071
0.296911713572512
0.25505000500001
0.256776835860136
0.342893215995531
0.281186159982415
0.246746506325497
0.303639539087006
0.362510884545749
0.216666666666667
0.226077666104176
0.305505046330389
0.33348481406523
0.35
0.354302558599713
0.33844564489066
0.313661981094041
0.330709369187943
0.244948974278318
0.264765953440034
0.357989616688202
0.274137766736937
0.305629008618441
0.278660214511356
0.304635897922471
0.209557012323953
0.246182981958665
0.313983850836088
0.263810461498326
0.263810461498326
0.234143614739399
0.209557012323953
0.361813613493316
0.209557012323953
0.259904799975886
0.303639539087006
0.228024010786034
0.270614713628663
0.369411215943217
0.31538816872181
0.350288481400717
0.297251721371947
0.273215052012997
0.310546927113108
0.344656174742132
0.337099931231621
0.331205328605941
0.277570629832219
0.305505046330389
0.197458600698726
0.253211693284812
0.257169911996648
0.336762662581663
0.320786596359699
0.253211693284812
0.335560739808772
0.226077666104176
0.209557012323953
0.232411599355866
0.248429409927995
0.312371185572161
0.216666666666667
0.273215052012997
0.305670318209576
0.32640527575455
0.369923552025867
0.388567688421012
0.345936001554792
0.324543191005886
0.294563536045582
0.351906782882035
0.328141383669856
0.355725180498097
0.168998834494816
0.324270743594786
0.243034270352262
0.313822957230424
0.294563536045582
0.344656174742132
0.150755672288882
0.278660214511356
0.284267621807481
0.184226474588735
0.231595258233764
0.318455870434416
0.328602796670689
0.355725180498097
0.288631392624019
0.184226474588735
0.351440038996841
0.323295842874915
0.318455870434416
0.305629008618441
0.254802359534292
0.282306517276824
0.234143614739399
0.328564370336385
0.174367544009889
0.253211693284812
0.256776835860136
0.347283832917774
0.261116483933547
0.238841902825812
0.297251721371947
0.357989616688202
0.223098021669237
0.286215289457415
0.178093154605032
0.305629008618441
0.312815497303978
0.136329962172145
0.313178556227606
0.341528057619596
0.353160335006951
0.252812462932786
0.332422999362334
0.264765953440034
0.281545159375324
0.223098021669237
0.193061459832685
0.231595258233764
0.20572610996962
0.33348481406523
0.239686242720551
0.321415744493142
0.313178556227606
0.247002228755331
0.286523924997477
0.211476292340825
0.338259060365265
0.188762584034318
0.278660214511356
0.273215052012997
0.201697343021216
0.259904799975886
0.334241187942437
0.33272672075905
0.25505000500001
0.313822957230424
0.284755787624867
0.296911713572512
0.305298330665385
0.288500126919076
0.355334527259351
0.296911713572512
0.322709488768791
0.355725180498097
0.150755672288882
0.204680090370166
0.308793677645018
0.26944574611786
0.311237348126292
0.282306517276824
0.216666666666667
0.330136182491255
0.341232170141377
0.353160335006951
0.228908256511184
0.211476292340825
0.188762584034318
0.178093154605032
0.364144216075184
0.346118447641815
0.27816135133001
0.163299316185545
0.285110292321899
0.361114996094098
0.342451058215225
0.303015151136345
0.163299316185545
0.311237348126292
0.275745087962331
0.128216199988121
0.188762584034318
0.279971138483663
0.369274472937998
0.251259453814803
0.257022578892606
0.270568051896507
0.34300366638203
0.274137766736937
0.295761301516523
0.343592135468138
0.261116483933547
0.313178556227606
0.354302558599713
0.295205800495967
0.188293774338254
0.254802359534292
0.363206817005397
0.305008693368407
0.336950075731337
0.26798914496334
0.324737656354395
0.279971138483663
0.361639085668057
0.274137766736937
0.305670318209576
0.35287420140923
0.228908256511184
0.234143614739399
0.298311747991759
0.313822957230424
0.310546927113108
0.328910045729555
0.312815497303978
0.197138622201831
0.244691106037259
0.231595258233764
0.272057257788046
0.344509606087942
0.353767600483022
0.344509606087942
0.283333333333333
0.216666666666667
0.277570629832219
0.193061459832685
0.252462618495043
0.219963265987388
0.326095666696729
0.262995563967658
0.297251721371947
0.362754612776887
0.257022578892606
0.285862155097823
0.286215289457415
0.244948974278318
0.283333333333333
0.32948536547259
0.304179638577687
0.231595258233764
0.355334527259351
0.32640527575455
0.361114996094098
0.197458600698726
0.240999601827074
0.327833414213297
0.297294195005282
0.288631392624019
0.33166247903554
0.361114996094098
0.348735088019777
0.366907634318519
0.287579589334883
0.367079657223708
0.283333333333333
0.266429819060946
0.358835096196883
0.316068014672459
0.265908011739155
0.329523684408054
0.32640527575455
0.287096225026109
0.188762584034318
0.354480698567024
0.304635897922471
0.334694191793347
0.235702260395516
0.336500108814727
0.340824905430363
0.214617347995464
0.25505000500001
0.319247853429263
0.275973941091575
0.383234506364819
0.211476292340825
0.371286325298327
0.322709488768791
0.272428287292586
0.33405225503042
0.217597069944622
0.287096225026109
0.304179638577687
0.201697343021216
0.327062221862594
0.168998834494816
0.240999601827074
0.287974465759194
0.231158697509619
0.258394420929858
0.326095666696729
0.361639085668057
0.313782720938544
0.193061459832685
0.166666666666667
0.27524094128159
0.217655088095219
0.193061459832685
0.361813613493316
0.197458600698726
0.32937038191806
0.305629008618441
0.283333333333333
0.209557012323953
0.365010031687244
0.355902608401044
0.217597069944622
0.276887462097269
0.262611207804706
0.264908979985141
0.334694191793347
0.288500126919076
0.263810461498326
0.259126348807806
0.348554011581991
0.226077666104176
0.343187671366233
0.35
0.341232170141377
0.357989616688202
0.356009022698055
0.197138622201831
0.293833939221431
0.351440038996841
0.355725180498097
0.305008693368407
0.223098021669237
0.26944574611786
0.284977404739606
0.382178761917255
0.367079657223708
0.297294195005282
0.358870281282637
0.321729857194046
0.256776835860136
0.183333333333333
0.333749739908346
0.193061459832685
0.303639539087006
0.286523924997477
0.244948974278318
0.311237348126292
0.332233032491936
0.297124264042552
0.264765953440034
0.184226474588735
0.230283093235919
0.236557806803318
0.329178653406605
0.373219679669936
0.294563536045582
0.345643887505185
0.304635897922471
0.228908256511184
0.184226474588735
0.339488623156248
0.357142135641407
0.257022578892606
0.348155311911396
0.342451058215225
0.313178556227606
0.208166599946613
0.27938424357067
0.321769099721141
0.216666666666667
0.294563536045582
0.253211693284812
0.337698688242054
0.27427590620992
0.305629008618441
0.27816135133001
0.251460381039088
0.247002228755331
0.258394420929858
0.365804772130068
0.258394420929858
0.261116483933547
0.318257566740963
0.193061459832685
0.188762584034318
0.223098021669237
0.354765536458357
0.270428018391795
0.209557012323953
0.235702260395516
0.285862155097823
0.31446603773522
0.243034270352262
0.208166599946613
0.322396330530287
0.281186159982415
0.183333333333333
0.253211693284812
0.357142135641407
0.328564370336385
0.285862155097823
0.389379200287023
0.35287420140923
0.35287420140923
0.247002228755331
0.248429409927995
0.27524094128159
0.223098021669237
0.35287420140923
0.243034270352262
0.261889019597727
0.27524094128159
0.361359665818984
0.209557012323953
0.257022578892606
0.273215052012997
0.337099931231621
0.247002228755331
0.33405225503042
0.375513116961447
0.209557012323953
0.163299316185545
0.347101999388937
0.174367544009889
0.35
0.276887462097269
0.360239819110447
0.293016357663844
0.350900716914789
0.209557012323953
0.272057257788046
0.254802359534292
0.345936001554792
0.163299316185545
0.279971138483663
0.209557012323953
0.193061459832685
0.197138622201831
0.231158697509619
0.324737656354395
0.305629008618441
0.27427590620992
0.293016357663844
0.254057974772402
0.256776835860136
0.219963265987388
0.21320071635561
0.305670318209576
0.231595258233764
0.201697343021216
0.264765953440034
0.333749739908346
0.287579589334883
0.328564370336385
0.247002228755331
0.228024010786034
0.284267621807481
0.277570629832219
0.354765536458357
0.204680090370166
0.234143614739399
0.313822957230424
0.329523684408054
0.262995563967658
0.256776835860136
0.308302619272858
0.25
0.247002228755331
0.192996048528136
0.343592135468138
0.279971138483663
0.258394420929858
0.266429819060946
0.339748867443724
0.24225372791119
0.35287420140923
0.231595258233764
0.214617347995464
0.309773459094862
0.300630650265052
0.214617347995464
0.360415024518942
0.175450358457395
0.353160335006951
0.201007563051842
0.219963265987388
0.238841902825812
0.372644114891992
0.3673547263198
0.197138622201831
0.244691106037259
0.31984055371072
0.327640786301835
0.24225372791119
0.31538816872181
0.297124264042552
0.214617347995464
0.337099931231621
0.362371537669739
0.313460644671027
0.285110292321899
0.244948974278318
0.351763235340724
0.301971635566768
0.238841902825812
0.264908979985141
0.333749739908346
0.188293774338254
0.372644114891992
0.264527404014683
0.244691106037259
0.284267621807481
0.311845273729577
0.322709488768791
0.324854279685989
0.240999601827074
0.288850036237393
0.231595258233764
0.343592135468138
0.287579589334883
0.331014662924027
0.24225372791119
0.251259453814803
0.335560739808772
0.238841902825812
0.278660214511356
0.342893215995531
0.338557546247624
0.293016357663844
0.32640527575455
0.313460644671027
0.247002228755331
0.27427590620992
0.261116483933547
0.254802359534292
0.327948936650975
0.307974812035798
0.150755672288882
0.266429819060946
0.27938424357067
0.304635897922471
0.328564370336385
0.319247853429263
0.338259060365265
0.321140643848319
0.305008693368407
0.305298330665385
0.311845273729577
0.216666666666667
0.340824905430363
0.284267621807481
0.228908256511184
0.321140643848319
0.355725180498097
0.270801280154532
0.313983850836088
0.350864732633619
0.333333333333333
0.174367544009889
0.309610377504673
0.353053062083399
0.216666666666667
0.320786596359699
0.285862155097823
0.312815497303978
0.304635897922471
0.256776835860136
0.285110292321899
0.309773459094862
0.253211693284812
0.231158697509619
0.201007563051842
0.385173449057156
0.351763235340724
0.347392887350645
0.228908256511184
0.291114195372666
0.313460644671027
0.328564370336385
0.307277060515737
0.253211693284812
0.316985485440261
0.326095666696729
0.193061459832685
0.330136182491255
0.201697343021216
0.312815497303978
0.211476292340825
0.308302619272858
0.328564370336385
0.316865965991995
0.350864732633619
0.333333333333333
0.238841902825812
0.282306517276824
0.354302558599713
0.179435140641318
0.31984055371072
0.302305952453618
0.33044200579212
0.297251721371947
0.347101999388937
0.32659863237109
0.305008693368407
0.300294468275338
0.259126348807806
0.296613887031268
0.356009022698055
0.288850036237393
0.283199611938329
0.262611207804706
0.228908256511184
0.287579589334883
0.174367544009889
0.219963265987388
0.373726794827073
0.283333333333333
0.285862155097823
0.368726993803811
0.27524094128159
0.230283093235919
0.278660214511356
0.25
0.325669473639465
0.279790686554839
0.272057257788046
0.339748867443724
0.238841902825812
0.21320071635561
0.276111161921016
0.355725180498097
0.270801280154532
0.204680090370166
0.373895680368174
0.24225372791119
0.208166599946613
0.356009022698055
0.255198476927788
0.389865296602493
0.234143614739399
0.272428287292586
0.312815497303978
0.209557012323953
0.236984421769905
0.282306517276824
0.275745087962331
0.364317543809343
0.240999601827074
0.349458455501097
0.305835500776731
0.341417129865589
0.346847272301557
0.348010216963685
0.345643887505185
0.228908256511184
0.264908979985141
0.321729857194046
0.15723301886761
0.279745555384846
0.281186159982415
0.342155968924564
0.355334527259351
0.214617347995464
0.259904799975886
0.366391081008291
0.223098021669237
0.184226474588735
0.356186309210063
0.26798914496334
0.341528057619596
0.231595258233764
0.323295842874915
0.259904799975886
0.273215052012997
0.33166247903554
0.255198476927788
0.335447838754779
0.352337074605291
0.310546927113108
0.238841902825812
0.305670318209576
0.26944574611786
0.174367544009889
0.239686242720551
0.34509550720186
0.240999601827074
0.331966896244219
0.355902608401044
0.240999601827074
0.287579589334883
0.168998834494816
0.290027863516872
0.349747383583112
0.193061459832685
0.302305952453618
0.372677996249965
0.331014662924027
0.295205800495967
0.290027863516872
0.305505046330389
0.268318746074421
0.261309831967395
0.27524094128159
0.300294468275338
0.30167880437661
0.310750151352588
0.344656174742132
0.266808674309642
0.236557806803318
0.244691106037259
0.361813613493316
0.321926021993196
0.291114195372666
0.353053062083399
0.24225372791119
0.340046045604582
0.228908256511184
0.32737091680801
0.359713690862524
0.287579589334883
0.368041499636312
0.31538816872181
0.223098021669237
0.277252027708882
0.371286325298327
0.25505000500001
0.30891632027022
0.284267621807481
0.364975438498361
0.184226474588735
0.253211693284812
0.308589164954431
0.278660214511356
0.310221491417622
0.174367544009889
0.328564370336385
0.286215289457415
