0.366596185473328
0.70234399032272
0.0145347429520413
0.0339318072609435
0.489110433691296
0.195304069083965
0.837132324874517
0.78709796441344
0.0496949201202459
0.995115788272146
0.91698879390579
0.558112646299455
0.3005236986131
0.655015170306799
0.537292205838495
0.869988124790873
0.961986046210696
0.309521706097896
0.955042256070396
0.911533696828861
0.161943929162909
0.881459599185463
0.825623505002
0.486430758324948
0.474095145578673
0.504530770413712
0.792600846113112
0.841191203115641
0.762393746474107
0.168041062328777
0.123561675435978
0.983074953000708
0.446362684686601
0.839420840696589
0.0697223092773607
0.46307197406485
0.0246872623227176
0.758254919923384
0.624459968210639
0.464995588712257
0.653401717086657
0.0103409433313065
0.251996300933243
0.840190680964085
0.860889802966969
0.378364364056059
0.353562827778445
0.389881083791701
0.458082361327274
0.712258571954586
0.905116023435407
0.501694486411202
0.979971604990613
0.770769910018962
0.371557987387936
0.410708746136262
0.508398221979842
0.856865622757188
0.164615639220401
0.978702539227024
0.0917379827965282
0.0781627329252623
0.0214346452282729
0.090151659244718
0.042443031046939
0.42008939560466
0.387560452623907
0.223478190593247
0.50927970829321
0.924514279834991
0.927563730140371
0.950914062577021
0.889981039836087
0.598549796272709
0.721235278859495
0.193927578778702
0.80291257084475
0.433307573286781
0.0299069769342597
0.712794382786951
0.243318594821016
0.31729018099521
0.898019821162963
0.792151957879577
0.581081193494912
0.683984233477109
0.95837051827388
0.406869976186783
0.209534363880117
0.680425716643902
0.929544743196225
0.429969526490716
0.257064614393631
0.38185056805585
0.972933007615815
0.731233435133786
0.0343003164839075
0.440129593229894
0.38409921817927
0.137363808438629
0.100878912429454
0.834997398788561
0.580649808844588
0.999080730412474
0.831575983035454
0.273622224948463
0.653027269423863
0.450594831349845
0.00792309889228817
0.108088278766056
0.13954147842253
0.0433911817819304
0.365071493014496
0.596571098733538
0.0186428707937049
0.0857186298470639
0.375423252314597
0.0743854038767928
0.90455847221059
0.66583702299571
0.717676979495544
0.956020979081312
0.0566262370654853
0.709165746143851
0.121661877447003
0.389226066609665
0.971221649922571
0.381325018008234
0.152555460889822
0.0764659601470046
0.0894693961757633
0.679979958812417
0.443251204865233
0.545381027696591
0.991471364848805
0.909946958920685
0.365949952865964
0.139116181741653
0.116394632435412
0.00463646290155016
0.994946597259621
0.0554309956162546
0.994612380975062
0.328447498776213
0.0991034605226367
0.00843179384481012
0.884723618302735
0.287796443628276
0.959602271143259
0.17405992949474
0.138141119768281
0.652103786033371
0.264647597781547
0.873954405677477
0.645389367013911
0.309463804021824
0.0227975798646913
0.702948918743664
0.755755617787548
0.668115569052225
0.156094291591531
0.978930360501425
0.443554895523287
0.571078369214174
0.980264065930744
0.609977167426193
0.00418775892992296
0.647871289583297
0.9664205640217
0.386505020385365
0.226705270219044
0.80494011565897
0.319638334613667
0.992063984021036
0.786007760278573
0.123635561871902
0.487358206366901
0.523517471532903
0.977854862400174
0.355707105035948
0.412539014160444
0.966491339178403
0.136284383203653
0.968251869554175
0.49584224120013
0.962441877901675
0.311555407360806
0.0416777823598698
0.643450968543727
0.633270821941109
0.600546369431284
0.081472130563968
0.0545778010069472
0.476644723140454
0.753306705720894
0.682616878179679
0.881641610692002
0.597307983088717
0.241944556407182
0.211670299214151
0.795818410015213
0.121127329797208
0.977843146717085
0.79599454054133
0.441935285819046
0.171159393859104
0.680020907216635
0.176835751752494
0.588025107257223
0.622809374391435
0.0685459545887511
0.4623635559014
0.3209731371097
0.354395519467109
0.299678332529399
0.683384438403839
0.641163275277744
0.511472890303854
0.750919441636183
0.99696097996575
0.0361994380282092
0.996551597238841
0.267319406436119
0.576008045775396
0.76495240775743
0.904391304543671
0.505478931338651
0.0703422374770147
0.893096096274249
0.935776774009045
0.481710801155556
0.317264995218241
0.411719202832268
0.00831030621051498
0.133193418379394
0.16204741475093
0.038166266706508
0.230249444222799
0.366527264380028
0.161686689999232
0.961422127591266
0.182568641711966
0.839055734676589
0.843824583689646
0.918599615963357
0.220263899967804
0.985768927809342
0.251367753086783
0.555318802475704
0.48440979561098
0.742103290780641
0.203043035370949
0.659161516199873
0.16348523677497
0.876114041078294
0.384852715312774
0.518479040886561
0.828534236223151
0.413584539819922
0.668681991731877
0.0680660260013085
0.562384041011847
0.575896855278221
0.462300055201617
0.909473388659521
0.907674066233664
0.248319306259645
0.603287756288464
0.145869008343842
0.146795915081737
0.350930416177086
0.653537889819675
0.301182070386186
0.0790101484478302
0.51326355813878
0.209542843358125
0.888732386784889
0.854618380655978
0.974262517529831
0.463927182274685
0.194337332461705
0.856325721712313
0.793939710653064
0.487529863393258
0.69931391881405
0.896142244008681
0.364967474470959
0.94008944297202
0.313540074600854
0.837529250325325
0.820137346649097
0.864438840451897
0.947664029161219
0.342584352611066
0.317732253133656
0.150655959721542
0.0329403975200132
0.0584914266172574
0.330702462407243
0.993778190640203
0.867406175931174
0.911268281206437
0.0951769924614438
0.795977920258863
0.894458365104416
0.444884791053002
0.0144777419266659
0.841773155494766
0.866270317909619
0.152873337949309
0.769069739911586
0.661679515210885
0.100248798059597
0.435280926098812
0.290612329359951
0.164522797515086
0.366933470449455
0.412452732495456
0.679783809222652
0.480555435882378
0.749061104465229
0.136355469273382
0.0330891656142479
0.837710734761479
0.412407330120685
0.85705102127843
0.484819942030026
0.814445027539311
0.175372879874053
0.837538203039176
0.261557304471493
0.936205847518546
0.903942338442114
0.895833515577224
0.576386717915611
0.974433259973492
0.67519107158648
0.0702154909761277
0.0969511667671612
0.0453205437638985
0.127873856185092
0.19016078745412
0.446509382457608
0.570730157296413
0.999424565234755
0.172555401084028
0.488131768364981
0.0777332603871177
0.0972729730233839
0.36336444488733
0.0985228242060125
0.590380434905648
0.40783421180583
0.28157459307943
0.940778958580775
0.079123698597624
0.0650695805236285
0.387900752220188
0.0152882654935642
0.984985638158521
0.126854323618835
0.0598846393507809
0.916937751492862
0.0583109618719261
0.626058179223767
0.905511993648665
0.630080340084828
0.223710107157201
0.0169211376816328
0.965241713460174
0.954862604809892
0.97216061061635
0.764650145833791
0.44875805841082
0.125438767648338
0.886334033729099
0.0518490734380106
0.178136683739324
0.9814102968263
0.333023381225679
0.0564296678815569
0.27035229546387
0.910304271266052
0.366901216776789
0.869697628782062
0.962553670845152
0.686401040611725
0.0926756036159563
0.710094234602515
0.0205771827070489
0.799506274125524
0.0521275384949095
0.0210792813918202
0.911521637087651
0.025551344973776
0.953207369913602
0.489849496954214
0.461415618013322
0.876667744705234
0.15409131323494
0.175823702819761
0.819632317466955
0.241816683486099
0.454298431467332
0.832113514647816
0.314212196422257
0.32715931003988
0.591913990300257
0.992240656976713
0.256890260839175
0.748140349701152
0.650119039843228
0.705989110870253
0.640514884703941
0.18856389701803
0.406542199059022
0.774784540340068
0.983134087936854
0.357729372675797
0.437229251333367
0.531713947024398
0.936265947334049
0.363423115624106
0.186270312763709
0.851651782727293
0.929697970658955
0.926006523087089
0.952473313519826
0.0476761662217681
0.261627246985955
0.0677027130075975
0.491686401121159
0.99687932021033
0.129693037472133
0.00273309865522083
0.484184367582182
0.462449667994143
0.148658203030663
0.0292226331109963
0.0899088318190226
0.584990817139048
0.0129930815817122
0.717735546448149
0.828892698466553
0.176006940234305
0.226699629894389
0.393150520659319
0.26907716878036
0.191262048881065
0.10928627033318
0.338298116106028
0.848837529268751
0.852880524746893
0.440174455723026
0.271821737794771
0.60565535311094
0.80192870843876
0.863648344681065
0.590992737207582
0.0578472366289892
0.19192407835296
0.507064899074819
0.267075835110551
0.825365061019338
0.774907449413118
0.24182364728563
0.792420488083926
0.386887038000758
0.33960092299834
0.0486357288392751
0.344074309451366
0.426069553669588
0.967157436488286
0.232496091562039
0.51997075638433
0.568548761646317
0.891682450301813
0.0312708734875963
0.006628529413032
0.908169332565575
0.726358449482361
0.738060490660938
0.0505499829220684
0.870509705901597
0.994356390539019
0.894402565834415
0.172514999391358
0.675006879963713
0.0515895756449846
0.269070342968439
0.272820003795816
0.510861564172243
0.43360990143587
0.923825022946614
0.94498670401552
0.260428087480473
0.839333972194388
0.815920052820797
0.140679092652287
0.312682627005006
0.0230729013327879
0.246231474596179
0.19712194253279
0.389142346010927
0.213084182585702
0.110813012746376
0.420132233847571
0.908939000928416
0.875309364191943
0.81981317798181
0.637670577495617
0.222367682280357
0.614183087135136
0.281762977909432
0.554356532767385
0.0358288273542822
0.750121599986766
0.532268078242545
0.0754857871218268
0.156047204647934
0.484497092418585
0.912068214729294
0.283490031327702
0.82903125789215
0.994692593963474
0.0158003712303323
0.226517390813626
0.00203039791390064
0.0175325223675273
0.433147945424988
0.522314802430211
0.31326147145512
0.926587011757435
0.266130036287161
0.192799463597381
0.743715178783827
0.770224238460684
0.42014484572706
0.742782831845432
0.785815318346359
0.0280934097706939
0.975811069285966
0.396252900133967
0.674645899506896
0.685669050870616
0.00458850063202891
0.173862736514896
0.433991257329344
0.829807249701093
0.786693032858738
0.851850414705405
0.387806952444278
0.93131759292413
0.474679196103817
0.927389009659876
0.15774449155533
0.986301356695097
0.533008484584869
0.608451043324721
0.300625405241302
0.435331140409774
0.644023801176452
0.203608734101607
0.0571320983889701
0.277405014131104
0.814122391413219
0.0635422939966589
0.328629869725425
0.145443496306214
0.590508042704813
0.520766396026797
0.534123200961318
0.353501258744937
0.14268700656763
0.248423653737724
0.338937306648305
0.887168189770689
0.950612153951019
0.837946621085236
0.394077605138304
0.445047324965367
0.295390833430655
0.483210656319475
0.435082686268648
0.344634206589349
0.948046337617678
0.202458870875206
0.331900426944993
0.787672632210696
0.191056656828021
0.888018378256632
0.985398951466377
0.745344151758145
0.354169453006727
0.0168452133062447
0.166177986182848
0.0967905400232283
0.770496817393796
0.490367576593191
0.908049563988787
0.97886572734727
0.752955923443299
0.671043046841318
0.985245492940117
0.424724176992169
0.441654121564652
0.36255733051038
0.795023041437201
0.0599241644396109
0.929514836448247
0.0384660760150887
0.451148142438665
0.0615211473013955
0.215822877512298
0.146879055462923
0.393592459473114
0.589079286186237
0.814431367847046
0.0313167688683292
0.329294691381724
0.325316566834726
0.156185571119945
0.127345049848838
0.5667836051974
0.139556905481779
0.657978196113121
0.409493929524546
0.4191136397347
0.287348088147409
0.530443661185111
0.338132574657597
0.23645986495215
0.960265062695121
0.543916615211006
0.78271364637423
0.139294234657568
0.302396698925874
0.612364397746799
0.934090018263195
0.996112822024749
0.470890199219622
0.376635034477303
0.678684741381726
0.467869020303108
0.0840576815855163
0.518760581928381
0.526082052423607
0.572842090326099
0.726210410017027
0.491125641619707
0.856960411067101
0.887217912382371
0.225266459714417
0.840278915342953
0.911872702201012
0.989406558515132
0.0499712762638021
0.0078208829290461
0.595424389576979
0.22561136710965
0.908428845713823
0.640259237836661
0.163178971121583
0.354680409986664
0.74827050720338
0.54744670617014
0.488006244544729
0.165999035850541
0.732398535330008
0.0174122980909273
0.890840047868062
0.641632426174136
0.366020762697235
0.197763609009769
0.0549406375862144
0.482313610502962
0.897239844576771
0.965289087248327
0.409350941569069
0.594122121535126
0.0738811337693877
0.073343176215861
0.0673669233638519
0.265045713389825
0.209131967646581
0.346861663125263
0.711782706891546
0.996362653659878
0.317270477138402
0.565834886834034
0.779150970878317
0.121495983699403
0.160721696288568
0.870804290207203
0.354248264433523
0.571342166128361
0.911504420827425
0.405113251093999
0.705520570306982
0.311346977557299
0.0890198490590925
0.397972885656558
0.248608452739114
0.0592389684443459
0.598503311286557
0.393889394772756
0.682500983681473
0.348292606536891
0.677877683171258
0.294063284897918
0.894058726391166
0.0626869950499705
0.89158990482504
0.381603622461065
0.995024467787069
0.161476917297394
0.371776152696359
0.67190628865078
0.726657796296573
0.806439372549499
0.565334087484299
0.733290831346958
0.0502550760761003
0.566774801943911
0.758932722853987
0.89779527724877
0.115583574177248
0.243829830958486
0.485475468573911
0.143575792364937
0.481195052630392
0.237626197058673
0.303410865597125
0.763135422634224
0.330183373051467
0.669355066287205
0.645605915551463
0.97241546629503
0.572270462250589
0.234854189485251
0.531071878694475
0.917826544249601
0.0819850598195681
0.0275285954132945
0.932752729473696
0.659235423081775
0.998834711755049
0.95143640438073
0.840670123955858
0.670120857348564
0.694616677016907
0.745186513916294
0.924843032454688
0.723976763954059
0.433043081011542
0.0236767802567405
0.301717114361218
0.526863631521043
0.623502451266773
0.0452998440688557
0.998892067567466
0.077851723298712
0.504988588114191
0.571033737631278
0.0889749163077971
0.937952048467472
0.320781729285042
0.342194253286026
0.959768011982709
0.155027125943856
0.137434902138805
0.363970197641966
0.218970555670755
0.829452567466686
0.496026738503928
0.479229963891912
0.374216441116963
0.30322173876509
0.343446221802093
0.504050489339502
0.261136573887895
0.491899995822702
0.0541789494440367
0.0866904180548121
0.94264609796291
0.70292621567806
0.338569036057993
0.163804684586147
0.10525908062252
0.979481058498401
0.44883955771362
0.400716427834648
0.324140177825587
0.884742116852867
0.00356133194099956
0.768740643276271
0.864325228392179
0.934075004542354
0.962541972969393
0.729851492084449
0.022554377890132
0.511138724899973
0.882926387810853
0.16375197084982
0.149156889390703
0.103280687580298
0.543229696504357
0.869535182497081
0.791361888942966
0.824457023627575
0.316419788245307
0.14951227681963
0.0293005794206697
0.0814204986758494
0.211525543118252
0.475002211909815
0.598990144555473
0.773913049170045
0.456776412760858
0.188048449568976
0.360357148631204
0.190858149583589
0.364082521298961
0.837997987434447
0.33649568579388
0.831339253402561
0.134004439950864
0.681108185895206
0.666786574560277
0.0495596169670905
0.541725596065968
0.0602828371980153
0.0331092741403254
0.00687304278744445
0.83490085748336
0.939763413062627
0.296491829250479
0.29749657485427
0.915518576888024
0.109939767519188
0.344239889299392
0.535127715398678
0.186901415821159
0.754597637670931
0.158679217818502
0.266945162007645
0.437976946915019
0.717668275886056
0.600946028051952
0.724422081991944
0.345779244564664
0.490183396552269
0.965207138638424
0.179410419811724
0.852676658006597
0.575501425972986
0.968105509727999
0.185006975513049
0.569703691080702
0.137420142245399
0.487121179542374
0.99235688365906
0.997822715174812
0.413325359317167
0.312501137005464
0.890713405878848
0.0838388400103581
0.589731414548384
0.948789701045608
0.891883556008078
0.862194442048864
0.994822944482212
0.234958007624917
0.0709933566554986
0.353712152078092
0.612614186461979
0.0918693553612111
0.272224098580464
0.281384952770416
0.594481506491302
0.469084556965252
0.698932876887129
0.0529472086555173
0.70576904409915
0.82861455347244
0.675440356136387
0.866609291431407
0.198420227451381
0.746604639977218
0.334149065549875
0.122685345577613
0.555123534959953
0.0741136670989083
0.562773777910275
0.821316182311424
0.735265650675425
0.82479796346225
0.941336745480612
0.279296479818833
0.552329354233372
0.239835956686003
0.45451375315391
0.563117216611931
0.760148904559463
0.553933344486027
0.19796460108765
0.263682409187854
0.544743530141131
0.271651358047491
0.396795579878636
0.22353190871975
0.692298765961341
0.812648841787945
0.380762492183255
0.199918826091839
0.798337245956567
0.000608242296585253
0.544852538127072
0.0617943583643692
0.985362074324128
0.380509338500592
0.200257372346731
0.257221348283274
0.840994567403939
0.758811428223238
0.909188695566667
0.291348822193467
0.852026976600617
0.630899503835557
0.38073037058023
0.968511438331928
0.166294238745335
0.835979831245179
0.226409714181678
0.514542437638513
0.470873374795129
0.445619822458762
0.97268224972581
0.795319348881858
0.166229102169395
0.444639353067949
0.0978891447834479
0.569294091253995
0.794749337024313
0.980496156266514
0.0356081952886238
0.024876571561796
0.991465186115426
0.828783463812697
0.143076071615148
0.100061521730959
0.118889587189076
0.488713603977322
0.30040005632206
0.982661027885533
0.634972752840319
0.0231289179796453
0.975457000854951
0.0123967162944629
0.400249729303297
0.95093546864593
0.299818188099827
0.21289255504948
0.211497891741317
0.26312224251998
0.736276559337808
0.235618822241341
0.677670068928298
0.497791229331747
0.5168859990525
0.820905930896641
0.622774308766474
0.138613279639441
0.0170416383920283
0.884195273746799
0.505832576059099
0.018155830293701
0.06105755913618
0.633964121799356
0.688207024180635
0.427302606092185
0.337006789831928
0.00561884726002479
0.416103408102889
0.884136546187986
0.0189979127774581
0.480333780169204
0.980548403113724
0.317534331443944
0.991983104771201
0.475620955648382
0.501317568014974
0.308534473371437
0.277253603876166
0.316627290496982
0.253197434235006
0.795425774888108
0.29987404168711
0.338470094744325
0.364652774169382
